sdef cell=?  AXS=0 0 1 pos=0 0 -380. RAD=D3 EXT=FRAD D4 
   SI3 H
          501.0   512.0   523.0   534.0   545.0   556.0   567.0   578.0   589.0
          600.0   611.0   622.0   633.0   644.0   655.0   666.0   677.0   688.0
          699.0   710.0   721.0   732.0   743.0   754.0   765.0   776.0   787.0
          798.0   809.0   820.0   831.0   842.0   853.0   864.0   875.0   886.0
          897.0   908.0   919.0   930.0   941.0
   SP3  D  0.0
        1.30499E-06 7.14939E-05 2.68958E-04 6.20634E-04 1.21697E-03 2.05824E-03
        3.18658E-03 4.60700E-03 6.38962E-03 8.51502E-03 1.10515E-02 1.39662E-02
        1.72292E-02 2.10004E-02 2.52457E-02 2.99095E-02 3.49197E-02 4.02345E-02
        4.56777E-02 5.09851E-02 5.60056E-02 6.02470E-02 6.31503E-02 6.43931E-02
        6.40777E-02 6.17292E-02 5.76135E-02 5.20095E-02 4.56790E-02 3.90505E-02
        3.23999E-02 2.61219E-02 2.04396E-02 1.53625E-02 1.08637E-02 7.06997E-03
        4.08917E-03 1.90131E-03 5.83194E-04 5.77757E-05
   DS4 S
           5    6    7    8    9   10   11   12   13   14   15   16   17   18
          19   20   21   22   23   24   25   26   27   28   29   30   31   32
          33   34   35   36   37   38   39   40   41   42   43   44
   SI5 H
          0.000  21.750  43.500  65.250  87.000 108.750 130.500 152.250 174.000
        195.750 217.500 239.250 261.000 282.750 304.500 326.250 348.000 369.750
        391.500 413.250 435.000 456.750 478.500 500.250 522.000 543.750 565.500
        587.250 609.000 630.750 652.500 674.250 696.000 717.750 739.500 761.250
        783.000 804.750 826.500 848.250 870.000
   SP5  D  0.0
        0.00000E+00 0.00000E+00 0.00000E+00 0.00000E+00 0.00000E+00 0.00000E+00
        0.00000E+00 0.00000E+00 0.00000E+00 0.00000E+00 0.00000E+00 0.00000E+00
        0.00000E+00 0.00000E+00 0.00000E+00 0.00000E+00 0.00000E+00 0.00000E+00
        0.00000E+00 4.67216E-06 7.79075E-04 1.29153E-02 6.11221E-02 1.65724E-01
        2.50678E-01 2.53834E-01 1.66864E-01 6.81883E-02 1.79917E-02 1.87008E-03
        2.94686E-05 2.86217E-09 0.00000E+00 0.00000E+00 0.00000E+00 0.00000E+00
        0.00000E+00 0.00000E+00 0.00000E+00 0.00000E+00
   SI6 H
          0.000  21.750  43.500  65.250  87.000 108.750 130.500 152.250 174.000
        195.750 217.500 239.250 261.000 282.750 304.500 326.250 348.000 369.750
        391.500 413.250 435.000 456.750 478.500 500.250 522.000 543.750 565.500
        587.250 609.000 630.750 652.500 674.250 696.000 717.750 739.500 761.250
        783.000 804.750 826.500 848.250 870.000
   SP6  D  0.0
        0.00000E+00 0.00000E+00 0.00000E+00 0.00000E+00 0.00000E+00 0.00000E+00
        0.00000E+00 0.00000E+00 0.00000E+00 0.00000E+00 0.00000E+00 0.00000E+00
        0.00000E+00 0.00000E+00 0.00000E+00 0.00000E+00 2.50297E-07 1.92067E-04
        4.08224E-03 2.03256E-02 4.99066E-02 8.40884E-02 1.14120E-01 1.32387E-01
        1.39607E-01 1.34696E-01 1.21268E-01 9.35399E-02 6.25466E-02 3.19090E-02
        9.99322E-03 1.29422E-03 4.40904E-05 1.67155E-07 0.00000E+00 0.00000E+00
        0.00000E+00 0.00000E+00 0.00000E+00 0.00000E+00
   SI7 H
          0.000  21.750  43.500  65.250  87.000 108.750 130.500 152.250 174.000
        195.750 217.500 239.250 261.000 282.750 304.500 326.250 348.000 369.750
        391.500 413.250 435.000 456.750 478.500 500.250 522.000 543.750 565.500
        587.250 609.000 630.750 652.500 674.250 696.000 717.750 739.500 761.250
        783.000 804.750 826.500 848.250 870.000
   SP7  D  0.0
        0.00000E+00 0.00000E+00 0.00000E+00 0.00000E+00 0.00000E+00 0.00000E+00
        0.00000E+00 0.00000E+00 0.00000E+00 0.00000E+00 0.00000E+00 0.00000E+00
        0.00000E+00 0.00000E+00 4.80905E-06 5.86889E-04 5.92926E-03 1.96961E-02
        3.83859E-02 5.61878E-02 7.17004E-02 8.38484E-02 9.40187E-02 9.90178E-02
        9.80737E-02 9.46187E-02 8.74428E-02 7.69419E-02 6.53190E-02 5.07101E-02
        3.44247E-02 1.74526E-02 5.12932E-03 5.03113E-04 7.99276E-06 4.68060E-10
        0.00000E+00 0.00000E+00 0.00000E+00 0.00000E+00
   SI8 H
          0.000  21.750  43.500  65.250  87.000 108.750 130.500 152.250 174.000
        195.750 217.500 239.250 261.000 282.750 304.500 326.250 348.000 369.750
        391.500 413.250 435.000 456.750 478.500 500.250 522.000 543.750 565.500
        587.250 609.000 630.750 652.500 674.250 696.000 717.750 739.500 761.250
        783.000 804.750 826.500 848.250 870.000
   SP8  D  0.0
        0.00000E+00 0.00000E+00 0.00000E+00 0.00000E+00 0.00000E+00 0.00000E+00
        0.00000E+00 0.00000E+00 0.00000E+00 0.00000E+00 0.00000E+00 0.00000E+00
        3.80368E-06 4.58079E-04 4.33623E-03 1.32963E-02 2.43263E-02 3.49634E-02
        4.58468E-02 5.79047E-02 6.97870E-02 7.98113E-02 8.62678E-02 8.99492E-02
        8.80829E-02 8.35881E-02 7.54226E-02 6.49270E-02 5.44700E-02 4.34246E-02
        3.40722E-02 2.54820E-02 1.59270E-02 6.56788E-03 1.05443E-03 3.03827E-05
        2.71805E-08 0.00000E+00 0.00000E+00 0.00000E+00
   SI9 H
          0.000  21.750  43.500  65.250  87.000 108.750 130.500 152.250 174.000
        195.750 217.500 239.250 261.000 282.750 304.500 326.250 348.000 369.750
        391.500 413.250 435.000 456.750 478.500 500.250 522.000 543.750 565.500
        587.250 609.000 630.750 652.500 674.250 696.000 717.750 739.500 761.250
        783.000 804.750 826.500 848.250 870.000
   SP9  D  0.0
        0.00000E+00 0.00000E+00 0.00000E+00 0.00000E+00 0.00000E+00 0.00000E+00
        0.00000E+00 0.00000E+00 0.00000E+00 0.00000E+00 1.24263E-06 1.80285E-04
        2.08489E-03 7.17990E-03 1.37572E-02 2.04774E-02 2.84360E-02 3.85589E-02
        4.97535E-02 6.01479E-02 7.02271E-02 7.74894E-02 8.22372E-02 8.35524E-02
        8.12975E-02 7.73426E-02 6.94377E-02 6.06101E-02 4.99485E-02 3.99770E-02
        3.06637E-02 2.28199E-02 1.65049E-02 1.11350E-02 5.18639E-03 9.66025E-04
        2.73802E-05 1.24750E-08 0.00000E+00 0.00000E+00
  SI10 H
          0.000  21.750  43.500  65.250  87.000 108.750 130.500 152.250 174.000
        195.750 217.500 239.250 261.000 282.750 304.500 326.250 348.000 369.750
        391.500 413.250 435.000 456.750 478.500 500.250 522.000 543.750 565.500
        587.250 609.000 630.750 652.500 674.250 696.000 717.750 739.500 761.250
        783.000 804.750 826.500 848.250 870.000
  SP10  D  0.0
        0.00000E+00 0.00000E+00 0.00000E+00 0.00000E+00 0.00000E+00 0.00000E+00
        0.00000E+00 2.12200E-13 1.47830E-07 3.95182E-05 7.73119E-04 3.47360E-03
        7.47163E-03 1.16586E-02 1.69769E-02 2.46097E-02 3.37189E-02 4.34755E-02
        5.32533E-02 6.16943E-02 6.88301E-02 7.42910E-02 7.74201E-02 7.74666E-02
        7.49048E-02 7.07425E-02 6.46302E-02 5.71464E-02 4.80519E-02 3.90038E-02
        3.00888E-02 2.20448E-02 1.57126E-02 1.12286E-02 7.38288E-03 3.37828E-03
        5.24666E-04 6.66670E-06 2.78751E-12 0.00000E+00
  SI11 H
          0.000  21.750  43.500  65.250  87.000 108.750 130.500 152.250 174.000
        195.750 217.500 239.250 261.000 282.750 304.500 326.250 348.000 369.750
        391.500 413.250 435.000 456.750 478.500 500.250 522.000 543.750 565.500
        587.250 609.000 630.750 652.500 674.250 696.000 717.750 739.500 761.250
        783.000 804.750 826.500 848.250 870.000
  SP11  D  0.0
        0.00000E+00 0.00000E+00 0.00000E+00 0.00000E+00 0.00000E+00 3.20996E-13
        1.36130E-08 6.56654E-06 2.01486E-04 1.37307E-03 3.79367E-03 6.46744E-03
        9.71499E-03 1.44350E-02 2.08534E-02 2.87591E-02 3.67277E-02 4.53819E-02
        5.31474E-02 6.15776E-02 6.72836E-02 7.22765E-02 7.41675E-02 7.44924E-02
        7.15917E-02 6.65979E-02 6.11934E-02 5.35626E-02 4.56681E-02 3.81314E-02
        2.95443E-02 2.21960E-02 1.59665E-02 1.08964E-02 7.34777E-03 4.70947E-03
        1.78449E-03 1.50652E-04 2.76860E-07 0.00000E+00
  SI12 H
          0.000  21.750  43.500  65.250  87.000 108.750 130.500 152.250 174.000
        195.750 217.500 239.250 261.000 282.750 304.500 326.250 348.000 369.750
        391.500 413.250 435.000 456.750 478.500 500.250 522.000 543.750 565.500
        587.250 609.000 630.750 652.500 674.250 696.000 717.750 739.500 761.250
        783.000 804.750 826.500 848.250 870.000
  SP12  D  0.0
        0.00000E+00 0.00000E+00 0.00000E+00 6.59589E-14 4.18680E-09 8.92380E-07
        3.69596E-05 4.27611E-04 1.66606E-03 3.47157E-03 5.33763E-03 7.99062E-03
        1.19953E-02 1.73741E-02 2.38816E-02 3.11625E-02 3.85111E-02 4.64234E-02
        5.42392E-02 6.08226E-02 6.64313E-02 7.01011E-02 7.12540E-02 7.14158E-02
        6.92024E-02 6.41522E-02 5.87092E-02 5.13427E-02 4.40587E-02 3.61707E-02
        2.89897E-02 2.22679E-02 1.60837E-02 1.10331E-02 7.34690E-03 4.79838E-03
        2.66143E-03 6.28307E-04 1.13471E-05 1.19866E-12
  SI13 H
          0.000  21.750  43.500  65.250  87.000 108.750 130.500 152.250 174.000
        195.750 217.500 239.250 261.000 282.750 304.500 326.250 348.000 369.750
        391.500 413.250 435.000 456.750 478.500 500.250 522.000 543.750 565.500
        587.250 609.000 630.750 652.500 674.250 696.000 717.750 739.500 761.250
        783.000 804.750 826.500 848.250 870.000
  SP13  D  0.0
        0.00000E+00 0.00000E+00 3.40526E-10 9.17719E-08 5.78986E-06 9.23443E-05
        5.48336E-04 1.59777E-03 2.85928E-03 4.32016E-03 6.38205E-03 9.62027E-03
        1.39176E-02 1.92849E-02 2.53536E-02 3.24118E-02 4.02486E-02 4.71229E-02
        5.42375E-02 6.04447E-02 6.62168E-02 6.91105E-02 7.07328E-02 6.99050E-02
        6.67540E-02 6.24887E-02 5.56948E-02 4.94546E-02 4.24128E-02 3.50523E-02
        2.82430E-02 2.18136E-02 1.61733E-02 1.12450E-02 7.38942E-03 4.72321E-03
        2.91383E-03 1.15094E-03 7.77335E-05 8.34413E-09
  SI14 H
          0.000  21.750  43.500  65.250  87.000 108.750 130.500 152.250 174.000
        195.750 217.500 239.250 261.000 282.750 304.500 326.250 348.000 369.750
        391.500 413.250 435.000 456.750 478.500 500.250 522.000 543.750 565.500
        587.250 609.000 630.750 652.500 674.250 696.000 717.750 739.500 761.250
        783.000 804.750 826.500 848.250 870.000
  SP14  D  0.0
        4.07452E-13 2.01830E-09 3.55789E-07 1.21586E-05 1.22185E-04 5.54868E-04
        1.35622E-03 2.29606E-03 3.39565E-03 4.99932E-03 7.51990E-03 1.10033E-02
        1.55152E-02 2.05008E-02 2.67698E-02 3.32361E-02 4.06583E-02 4.75919E-02
        5.43010E-02 6.09144E-02 6.56405E-02 6.81279E-02 6.97575E-02 6.89308E-02
        6.56076E-02 6.05864E-02 5.51382E-02 4.80361E-02 4.08697E-02 3.40198E-02
        2.73889E-02 2.12643E-02 1.58804E-02 1.12547E-02 7.47596E-03 4.70604E-03
        2.89721E-03 1.45441E-03 2.15889E-04 3.47180E-07
  SI15 H
          0.000  21.750  43.500  65.250  87.000 108.750 130.500 152.250 174.000
        195.750 217.500 239.250 261.000 282.750 304.500 326.250 348.000 369.750
        391.500 413.250 435.000 456.750 478.500 500.250 522.000 543.750 565.500
        587.250 609.000 630.750 652.500 674.250 696.000 717.750 739.500 761.250
        783.000 804.750 826.500 848.250 870.000
  SP15  D  0.0
        4.55026E-12 4.01061E-08 7.61155E-06 9.97596E-05 4.33274E-04 1.04873E-03
        1.77059E-03 2.53839E-03 3.78400E-03 5.65568E-03 8.43881E-03 1.19098E-02
        1.60906E-02 2.14486E-02 2.72005E-02 3.36859E-02 4.08840E-02 4.81915E-02
        5.47857E-02 6.13563E-02 6.59204E-02 6.86599E-02 6.95901E-02 6.76317E-02
        6.50884E-02 6.02011E-02 5.40208E-02 4.70580E-02 4.00560E-02 3.25842E-02
        2.63651E-02 2.03416E-02 1.53793E-02 1.10127E-02 7.47383E-03 4.60948E-03
        2.77412E-03 1.54851E-03 3.53698E-04 1.47313E-06
  SI16 H
          0.000  21.750  43.500  65.250  87.000 108.750 130.500 152.250 174.000
        195.750 217.500 239.250 261.000 282.750 304.500 326.250 348.000 369.750
        391.500 413.250 435.000 456.750 478.500 500.250 522.000 543.750 565.500
        587.250 609.000 630.750 652.500 674.250 696.000 717.750 739.500 761.250
        783.000 804.750 826.500 848.250 870.000
  SP16  D  0.0
        8.11860E-12 7.84125E-07 3.16452E-05 2.55510E-04 6.99127E-04 1.26174E-03
        1.86977E-03 2.73203E-03 4.10149E-03 6.22801E-03 8.96280E-03 1.23909E-02
        1.66220E-02 2.17020E-02 2.76383E-02 3.45768E-02 4.13374E-02 4.83159E-02
        5.56018E-02 6.12297E-02 6.63971E-02 6.83707E-02 6.92318E-02 6.76450E-02
        6.46096E-02 5.96751E-02 5.34480E-02 4.63005E-02 3.92413E-02 3.20899E-02
        2.54710E-02 1.99079E-02 1.48636E-02 1.07220E-02 7.30705E-03 4.55262E-03
        2.66982E-03 1.49284E-03 4.40638E-04 5.80116E-06
  SI17 H
          0.000  21.750  43.500  65.250  87.000 108.750 130.500 152.250 174.000
        195.750 217.500 239.250 261.000 282.750 304.500 326.250 348.000 369.750
        391.500 413.250 435.000 456.750 478.500 500.250 522.000 543.750 565.500
        587.250 609.000 630.750 652.500 674.250 696.000 717.750 739.500 761.250
        783.000 804.750 826.500 848.250 870.000
  SP17  D  0.0
        2.96301E-11 1.07239E-06 7.04566E-05 3.50531E-04 8.22721E-04 1.31103E-03
        1.91200E-03 2.87638E-03 4.43427E-03 6.60128E-03 9.29422E-03 1.26876E-02
        1.70077E-02 2.20125E-02 2.79225E-02 3.44754E-02 4.18555E-02 4.89831E-02
        5.58439E-02 6.17372E-02 6.62461E-02 6.90883E-02 6.88865E-02 6.81234E-02
        6.47597E-02 5.94031E-02 5.28537E-02 4.59354E-02 3.85721E-02 3.13383E-02
        2.46514E-02 1.91452E-02 1.45254E-02 1.03219E-02 7.10356E-03 4.42986E-03
        2.55545E-03 1.39193E-03 4.61824E-04 7.28728E-06
  SI18 H
          0.000  21.750  43.500  65.250  87.000 108.750 130.500 152.250 174.000
        195.750 217.500 239.250 261.000 282.750 304.500 326.250 348.000 369.750
        391.500 413.250 435.000 456.750 478.500 500.250 522.000 543.750 565.500
        587.250 609.000 630.750 652.500 674.250 696.000 717.750 739.500 761.250
        783.000 804.750 826.500 848.250 870.000
  SP18  D  0.0
        1.18276E-12 8.22886E-07 7.32002E-05 3.87479E-04 8.15303E-04 1.26231E-03
        1.92257E-03 2.95996E-03 4.56071E-03 6.68301E-03 9.36365E-03 1.27865E-02
        1.69547E-02 2.20651E-02 2.78082E-02 3.47947E-02 4.23824E-02 4.96765E-02
        5.66913E-02 6.23083E-02 6.72893E-02 7.00726E-02 7.00705E-02 6.86582E-02
        6.43857E-02 5.88518E-02 5.24650E-02 4.52991E-02 3.76008E-02 3.04124E-02
        2.41244E-02 1.84516E-02 1.37599E-02 9.92613E-03 6.79748E-03 4.23509E-03
        2.37963E-03 1.28007E-03 4.37529E-04 6.30975E-06
  SI19 H
          0.000  21.750  43.500  65.250  87.000 108.750 130.500 152.250 174.000
        195.750 217.500 239.250 261.000 282.750 304.500 326.250 348.000 369.750
        391.500 413.250 435.000 456.750 478.500 500.250 522.000 543.750 565.500
        587.250 609.000 630.750 652.500 674.250 696.000 717.750 739.500 761.250
        783.000 804.750 826.500 848.250 870.000
  SP19  D  0.0
        1.33360E-13 3.53065E-07 5.45114E-05 3.51756E-04 7.63294E-04 1.20937E-03
        1.87408E-03 2.94490E-03 4.56080E-03 6.65409E-03 9.34347E-03 1.25439E-02
        1.68257E-02 2.19772E-02 2.77692E-02 3.51020E-02 4.24038E-02 4.94939E-02
        5.70333E-02 6.32259E-02 6.85471E-02 7.14664E-02 7.15250E-02 6.96131E-02
        6.54027E-02 5.92418E-02 5.22554E-02 4.43892E-02 3.68882E-02 2.93842E-02
        2.32596E-02 1.75211E-02 1.30323E-02 9.31213E-03 6.34478E-03 3.98998E-03
        2.18244E-03 1.13780E-03 3.70967E-04 4.38088E-06
  SI20 H
          0.000  21.750  43.500  65.250  87.000 108.750 130.500 152.250 174.000
        195.750 217.500 239.250 261.000 282.750 304.500 326.250 348.000 369.750
        391.500 413.250 435.000 456.750 478.500 500.250 522.000 543.750 565.500
        587.250 609.000 630.750 652.500 674.250 696.000 717.750 739.500 761.250
        783.000 804.750 826.500 848.250 870.000
  SP20  D  0.0
        0.00000E+00 1.55174E-08 2.65226E-05 2.75224E-04 6.74774E-04 1.09596E-03
        1.76707E-03 2.85803E-03 4.40450E-03 6.45105E-03 9.07349E-03 1.23672E-02
        1.64652E-02 2.14857E-02 2.75756E-02 3.46368E-02 4.24520E-02 5.01118E-02
        5.77612E-02 6.48943E-02 6.96676E-02 7.26562E-02 7.30706E-02 7.06794E-02
        6.65891E-02 5.99748E-02 5.15644E-02 4.35599E-02 3.61147E-02 2.87264E-02
        2.21592E-02 1.68720E-02 1.23425E-02 8.75487E-03 5.91523E-03 3.70038E-03
        1.98679E-03 9.92767E-04 2.94865E-04 1.77453E-06
  SI21 H
          0.000  21.750  43.500  65.250  87.000 108.750 130.500 152.250 174.000
        195.750 217.500 239.250 261.000 282.750 304.500 326.250 348.000 369.750
        391.500 413.250 435.000 456.750 478.500 500.250 522.000 543.750 565.500
        587.250 609.000 630.750 652.500 674.250 696.000 717.750 739.500 761.250
        783.000 804.750 826.500 848.250 870.000
  SP21  D  0.0
        0.00000E+00 2.17003E-10 5.76023E-06 1.83552E-04 5.64841E-04 9.82794E-04
        1.61736E-03 2.73348E-03 4.24434E-03 6.16915E-03 8.67719E-03 1.18745E-02
        1.61355E-02 2.11203E-02 2.73527E-02 3.43655E-02 4.21582E-02 5.07609E-02
        5.89564E-02 6.61696E-02 7.09246E-02 7.46382E-02 7.48403E-02 7.22673E-02
        6.72732E-02 6.00040E-02 5.17585E-02 4.29739E-02 3.47313E-02 2.76110E-02
        2.14750E-02 1.59695E-02 1.16185E-02 8.18921E-03 5.47691E-03 3.35995E-03
        1.76027E-03 8.47796E-04 2.08332E-04 1.88367E-07
  SI22 H
          0.000  21.750  43.500  65.250  87.000 108.750 130.500 152.250 174.000
        195.750 217.500 239.250 261.000 282.750 304.500 326.250 348.000 369.750
        391.500 413.250 435.000 456.750 478.500 500.250 522.000 543.750 565.500
        587.250 609.000 630.750 652.500 674.250 696.000 717.750 739.500 761.250
        783.000 804.750 826.500 848.250 870.000
  SP22  D  0.0
        0.00000E+00 0.00000E+00 4.17442E-07 8.74696E-05 4.48031E-04 8.45912E-04
        1.46480E-03 2.51573E-03 3.95922E-03 5.91046E-03 8.34840E-03 1.15655E-02
        1.56233E-02 2.06123E-02 2.70558E-02 3.40334E-02 4.24000E-02 5.08264E-02
        6.00072E-02 6.74212E-02 7.28806E-02 7.59701E-02 7.62690E-02 7.35708E-02
        6.80206E-02 6.03649E-02 5.16923E-02 4.26651E-02 3.41118E-02 2.68438E-02
        2.05089E-02 1.51586E-02 1.08394E-02 7.64399E-03 4.98352E-03 2.99714E-03
        1.52844E-03 7.00179E-04 1.25380E-04 9.55591E-09
  SI23 H
          0.000  21.750  43.500  65.250  87.000 108.750 130.500 152.250 174.000
        195.750 217.500 239.250 261.000 282.750 304.500 326.250 348.000 369.750
        391.500 413.250 435.000 456.750 478.500 500.250 522.000 543.750 565.500
        587.250 609.000 630.750 652.500 674.250 696.000 717.750 739.500 761.250
        783.000 804.750 826.500 848.250 870.000
  SP23  D  0.0
        0.00000E+00 0.00000E+00 1.40842E-09 2.58379E-05 3.09779E-04 7.02266E-04
        1.27698E-03 2.26108E-03 3.67904E-03 5.47786E-03 7.97720E-03 1.09706E-02
        1.50483E-02 2.02503E-02 2.63936E-02 3.37657E-02 4.22115E-02 5.17657E-02
        6.06975E-02 6.89888E-02 7.46174E-02 7.78057E-02 7.78982E-02 7.46964E-02
        6.90980E-02 6.10229E-02 5.17459E-02 4.18935E-02 3.33742E-02 2.57200E-02
        1.96494E-02 1.43457E-02 1.01875E-02 7.00177E-03 4.56627E-03 2.65945E-03
        1.30164E-03 5.55712E-04 5.84553E-05 2.83648E-11
  SI24 H
          0.000  21.750  43.500  65.250  87.000 108.750 130.500 152.250 174.000
        195.750 217.500 239.250 261.000 282.750 304.500 326.250 348.000 369.750
        391.500 413.250 435.000 456.750 478.500 500.250 522.000 543.750 565.500
        587.250 609.000 630.750 652.500 674.250 696.000 717.750 739.500 761.250
        783.000 804.750 826.500 848.250 870.000
  SP24  D  0.0
        0.00000E+00 0.00000E+00 4.62850E-15 2.54595E-06 1.72602E-04 5.69095E-04
        1.08914E-03 2.01335E-03 3.36798E-03 5.12030E-03 7.44248E-03 1.05445E-02
        1.45049E-02 1.95494E-02 2.58246E-02 3.30982E-02 4.23864E-02 5.19507E-02
        6.11294E-02 7.01064E-02 7.62443E-02 8.06942E-02 8.02579E-02 7.67782E-02
        6.99580E-02 6.13508E-02 5.12427E-02 4.15951E-02 3.21976E-02 2.49427E-02
        1.85705E-02 1.34417E-02 9.51827E-03 6.44080E-03 4.09311E-03 2.30238E-03
        1.07603E-03 4.06622E-04 1.69864E-05 0.00000E+00
  SI25 H
          0.000  21.750  43.500  65.250  87.000 108.750 130.500 152.250 174.000
        195.750 217.500 239.250 261.000 282.750 304.500 326.250 348.000 369.750
        391.500 413.250 435.000 456.750 478.500 500.250 522.000 543.750 565.500
        587.250 609.000 630.750 652.500 674.250 696.000 717.750 739.500 761.250
        783.000 804.750 826.500 848.250 870.000
  SP25  D  0.0
        0.00000E+00 0.00000E+00 0.00000E+00 3.00247E-08 6.25643E-05 4.16810E-04
        8.85745E-04 1.73188E-03 3.01216E-03 4.75356E-03 6.97855E-03 1.00948E-02
        1.38970E-02 1.90235E-02 2.50600E-02 3.28738E-02 4.20716E-02 5.21123E-02
        6.24417E-02 7.21529E-02 7.91856E-02 8.25621E-02 8.21513E-02 7.81486E-02
        7.13109E-02 6.10912E-02 5.05802E-02 4.05837E-02 3.13689E-02 2.37715E-02
        1.76329E-02 1.25949E-02 8.88309E-03 5.84586E-03 3.63972E-03 1.96227E-03
        8.57940E-04 2.58780E-04 1.61578E-06 0.00000E+00
  SI26 H
          0.000  21.750  43.500  65.250  87.000 108.750 130.500 152.250 174.000
        195.750 217.500 239.250 261.000 282.750 304.500 326.250 348.000 369.750
        391.500 413.250 435.000 456.750 478.500 500.250 522.000 543.750 565.500
        587.250 609.000 630.750 652.500 674.250 696.000 717.750 739.500 761.250
        783.000 804.750 826.500 848.250 870.000
  SP26  D  0.0
        0.00000E+00 0.00000E+00 0.00000E+00 1.36431E-14 8.88497E-06 2.59828E-04
        7.02833E-04 1.45059E-03 2.69512E-03 4.37037E-03 6.58397E-03 9.50336E-03
        1.33876E-02 1.85051E-02 2.46197E-02 3.22146E-02 4.18681E-02 5.23471E-02
        6.35109E-02 7.39999E-02 8.06964E-02 8.40419E-02 8.40075E-02 8.00053E-02
        7.19687E-02 6.14459E-02 5.02430E-02 4.00196E-02 3.05150E-02 2.29097E-02
        1.68780E-02 1.19745E-02 8.26981E-03 5.33334E-03 3.22460E-03 1.63883E-03
        6.69649E-04 1.30102E-04 1.64237E-08 0.00000E+00
  SI27 H
          0.000  21.750  43.500  65.250  87.000 108.750 130.500 152.250 174.000
        195.750 217.500 239.250 261.000 282.750 304.500 326.250 348.000 369.750
        391.500 413.250 435.000 456.750 478.500 500.250 522.000 543.750 565.500
        587.250 609.000 630.750 652.500 674.250 696.000 717.750 739.500 761.250
        783.000 804.750 826.500 848.250 870.000
  SP27  D  0.0
        0.00000E+00 0.00000E+00 0.00000E+00 0.00000E+00 1.23453E-07 1.10881E-04
        5.32063E-04 1.18201E-03 2.33400E-03 3.95554E-03 6.20731E-03 9.09008E-03
        1.29961E-02 1.78411E-02 2.39701E-02 3.18638E-02 4.18707E-02 5.22704E-02
        6.43464E-02 7.48836E-02 8.26829E-02 8.65794E-02 8.59603E-02 8.15974E-02
        7.26849E-02 6.14879E-02 5.00470E-02 3.89840E-02 2.95248E-02 2.22137E-02
        1.61988E-02 1.13417E-02 7.66392E-03 4.90438E-03 2.82092E-03 1.32279E-03
        4.90722E-04 4.02791E-05 1.23148E-14 0.00000E+00
  SI28 H
          0.000  21.750  43.500  65.250  87.000 108.750 130.500 152.250 174.000
        195.750 217.500 239.250 261.000 282.750 304.500 326.250 348.000 369.750
        391.500 413.250 435.000 456.750 478.500 500.250 522.000 543.750 565.500
        587.250 609.000 630.750 652.500 674.250 696.000 717.750 739.500 761.250
        783.000 804.750 826.500 848.250 870.000
  SP28  D  0.0
        0.00000E+00 0.00000E+00 0.00000E+00 0.00000E+00 1.62523E-14 2.00065E-05
        3.58182E-04 9.25841E-04 1.98530E-03 3.60931E-03 5.76322E-03 8.62942E-03
        1.25480E-02 1.75482E-02 2.36129E-02 3.16304E-02 4.18117E-02 5.26905E-02
        6.53672E-02 7.64962E-02 8.44097E-02 8.69266E-02 8.61615E-02 8.29366E-02
        7.42377E-02 6.19095E-02 4.95967E-02 3.85995E-02 2.90814E-02 2.15422E-02
        1.55375E-02 1.07928E-02 7.08554E-03 4.41226E-03 2.42390E-03 1.03578E-03
        3.10632E-04 3.65616E-06 0.00000E+00 0.00000E+00
  SI29 H
          0.000  21.750  43.500  65.250  87.000 108.750 130.500 152.250 174.000
        195.750 217.500 239.250 261.000 282.750 304.500 326.250 348.000 369.750
        391.500 413.250 435.000 456.750 478.500 500.250 522.000 543.750 565.500
        587.250 609.000 630.750 652.500 674.250 696.000 717.750 739.500 761.250
        783.000 804.750 826.500 848.250 870.000
  SP29  D  0.0
        0.00000E+00 0.00000E+00 0.00000E+00 0.00000E+00 0.00000E+00 3.81201E-07
        1.66739E-04 6.94809E-04 1.65740E-03 3.22079E-03 5.37182E-03 8.32716E-03
        1.21180E-02 1.71333E-02 2.35287E-02 3.16098E-02 4.15629E-02 5.32179E-02
        6.57058E-02 7.74881E-02 8.55599E-02 8.88099E-02 8.85028E-02 8.39418E-02
        7.40493E-02 6.19841E-02 4.91154E-02 3.80929E-02 2.83140E-02 2.10818E-02
        1.50369E-02 1.01891E-02 6.62602E-03 3.96568E-03 2.00930E-03 7.76673E-04
        1.40911E-04 1.00906E-08 0.00000E+00 0.00000E+00
  SI30 H
          0.000  21.750  43.500  65.250  87.000 108.750 130.500 152.250 174.000
        195.750 217.500 239.250 261.000 282.750 304.500 326.250 348.000 369.750
        391.500 413.250 435.000 456.750 478.500 500.250 522.000 543.750 565.500
        587.250 609.000 630.750 652.500 674.250 696.000 717.750 739.500 761.250
        783.000 804.750 826.500 848.250 870.000
  SP30  D  0.0
        0.00000E+00 0.00000E+00 0.00000E+00 0.00000E+00 0.00000E+00 1.61285E-14
        3.28598E-05 4.75032E-04 1.28606E-03 2.79448E-03 4.97125E-03 7.88107E-03
        1.19010E-02 1.69749E-02 2.32900E-02 3.15635E-02 4.18042E-02 5.34141E-02
        6.53556E-02 7.78531E-02 8.71157E-02 9.17577E-02 9.02258E-02 8.36011E-02
        7.38820E-02 6.12967E-02 4.93411E-02 3.78336E-02 2.82577E-02 2.08215E-02
        1.46428E-02 9.77117E-03 6.17579E-03 3.52478E-03 1.59256E-03 5.34137E-04
        2.87716E-05 0.00000E+00 0.00000E+00 0.00000E+00
  SI31 H
          0.000  21.750  43.500  65.250  87.000 108.750 130.500 152.250 174.000
        195.750 217.500 239.250 261.000 282.750 304.500 326.250 348.000 369.750
        391.500 413.250 435.000 456.750 478.500 500.250 522.000 543.750 565.500
        587.250 609.000 630.750 652.500 674.250 696.000 717.750 739.500 761.250
        783.000 804.750 826.500 848.250 870.000
  SP31  D  0.0
        0.00000E+00 0.00000E+00 0.00000E+00 0.00000E+00 0.00000E+00 0.00000E+00
        4.97128E-07 2.26086E-04 9.57809E-04 2.37202E-03 4.54570E-03 7.51029E-03
        1.15966E-02 1.68401E-02 2.36921E-02 3.13957E-02 4.17583E-02 5.37074E-02
        6.61291E-02 7.87885E-02 8.73530E-02 9.15400E-02 9.13256E-02 8.50575E-02
        7.43147E-02 6.17061E-02 4.92045E-02 3.76750E-02 2.81731E-02 2.05157E-02
        1.41411E-02 9.30863E-03 5.67556E-03 3.01014E-03 1.19704E-03 2.81628E-04
        4.51438E-07 0.00000E+00 0.00000E+00 0.00000E+00
  SI32 H
          0.000  21.750  43.500  65.250  87.000 108.750 130.500 152.250 174.000
        195.750 217.500 239.250 261.000 282.750 304.500 326.250 348.000 369.750
        391.500 413.250 435.000 456.750 478.500 500.250 522.000 543.750 565.500
        587.250 609.000 630.750 652.500 674.250 696.000 717.750 739.500 761.250
        783.000 804.750 826.500 848.250 870.000
  SP32  D  0.0
        0.00000E+00 0.00000E+00 0.00000E+00 0.00000E+00 0.00000E+00 0.00000E+00
        7.20009E-15 4.12978E-05 6.36661E-04 1.84283E-03 4.06574E-03 7.13206E-03
        1.12474E-02 1.68321E-02 2.38879E-02 3.19840E-02 4.23774E-02 5.41693E-02
        6.71256E-02 7.90200E-02 8.77824E-02 9.26995E-02 9.15660E-02 8.42485E-02
        7.48357E-02 6.16238E-02 4.90550E-02 3.76964E-02 2.83401E-02 2.04601E-02
        1.39338E-02 8.89611E-03 5.14520E-03 2.45919E-03 8.23554E-04 7.24786E-05
        1.00522E-14 0.00000E+00 0.00000E+00 0.00000E+00
  SI33 H
          0.000  21.750  43.500  65.250  87.000 108.750 130.500 152.250 174.000
        195.750 217.500 239.250 261.000 282.750 304.500 326.250 348.000 369.750
        391.500 413.250 435.000 456.750 478.500 500.250 522.000 543.750 565.500
        587.250 609.000 630.750 652.500 674.250 696.000 717.750 739.500 761.250
        783.000 804.750 826.500 848.250 870.000
  SP33  D  0.0
        0.00000E+00 0.00000E+00 0.00000E+00 0.00000E+00 0.00000E+00 0.00000E+00
        0.00000E+00 2.92707E-07 2.78623E-04 1.31966E-03 3.41026E-03 6.62315E-03
        1.08175E-02 1.67169E-02 2.40779E-02 3.28162E-02 4.29809E-02 5.49313E-02
        6.79382E-02 7.92967E-02 8.80098E-02 9.22212E-02 9.09989E-02 8.42983E-02
        7.53690E-02 6.25391E-02 4.97866E-02 3.81007E-02 2.86042E-02 2.03261E-02
        1.34752E-02 8.35020E-03 4.47162E-03 1.80486E-03 4.34694E-04 1.91681E-06
        0.00000E+00 0.00000E+00 0.00000E+00 0.00000E+00
  SI34 H
          0.000  21.750  43.500  65.250  87.000 108.750 130.500 152.250 174.000
        195.750 217.500 239.250 261.000 282.750 304.500 326.250 348.000 369.750
        391.500 413.250 435.000 456.750 478.500 500.250 522.000 543.750 565.500
        587.250 609.000 630.750 652.500 674.250 696.000 717.750 739.500 761.250
        783.000 804.750 826.500 848.250 870.000
  SP34  D  0.0
        0.00000E+00 0.00000E+00 0.00000E+00 0.00000E+00 0.00000E+00 0.00000E+00
        0.00000E+00 0.00000E+00 3.27947E-05 8.05895E-04 2.57122E-03 5.83118E-03
        1.03786E-02 1.63850E-02 2.38925E-02 3.33741E-02 4.36000E-02 5.54932E-02
        6.87892E-02 7.95817E-02 8.88208E-02 9.31506E-02 9.13337E-02 8.48361E-02
        7.50407E-02 6.29021E-02 5.01900E-02 3.89134E-02 2.87446E-02 1.99849E-02
        1.29407E-02 7.53806E-03 3.57870E-03 1.18938E-03 1.00703E-04 1.17414E-14
        0.00000E+00 0.00000E+00 0.00000E+00 0.00000E+00
  SI35 H
          0.000  21.750  43.500  65.250  87.000 108.750 130.500 152.250 174.000
        195.750 217.500 239.250 261.000 282.750 304.500 326.250 348.000 369.750
        391.500 413.250 435.000 456.750 478.500 500.250 522.000 543.750 565.500
        587.250 609.000 630.750 652.500 674.250 696.000 717.750 739.500 761.250
        783.000 804.750 826.500 848.250 870.000
  SP35  D  0.0
        0.00000E+00 0.00000E+00 0.00000E+00 0.00000E+00 0.00000E+00 0.00000E+00
        0.00000E+00 0.00000E+00 1.24645E-08 2.60683E-04 1.72721E-03 4.75043E-03
        9.40858E-03 1.57650E-02 2.38082E-02 3.37382E-02 4.49873E-02 5.66776E-02
        6.95492E-02 8.04024E-02 8.93264E-02 9.36903E-02 9.14746E-02 8.57335E-02
        7.59516E-02 6.32140E-02 5.07853E-02 3.95720E-02 2.84171E-02 1.93117E-02
        1.19942E-02 6.39581E-03 2.51426E-03 5.43483E-04 9.89348E-07 0.00000E+00
        0.00000E+00 0.00000E+00 0.00000E+00 0.00000E+00
  SI36 H
          0.000  21.750  43.500  65.250  87.000 108.750 130.500 152.250 174.000
        195.750 217.500 239.250 261.000 282.750 304.500 326.250 348.000 369.750
        391.500 413.250 435.000 456.750 478.500 500.250 522.000 543.750 565.500
        587.250 609.000 630.750 652.500 674.250 696.000 717.750 739.500 761.250
        783.000 804.750 826.500 848.250 870.000
  SP36  D  0.0
        0.00000E+00 0.00000E+00 0.00000E+00 0.00000E+00 0.00000E+00 0.00000E+00
        0.00000E+00 0.00000E+00 0.00000E+00 8.15127E-06 8.44319E-04 3.32021E-03
        8.02482E-03 1.46239E-02 2.32775E-02 3.37754E-02 4.57863E-02 5.89672E-02
        7.04872E-02 8.15383E-02 8.97980E-02 9.43720E-02 9.32866E-02 8.66409E-02
        7.62421E-02 6.45339E-02 5.22000E-02 3.91171E-02 2.79367E-02 1.82487E-02
        1.06248E-02 4.82311E-03 1.45611E-03 6.68112E-05 0.00000E+00 0.00000E+00
        0.00000E+00 0.00000E+00 0.00000E+00 0.00000E+00
  SI37 H
          0.000  21.750  43.500  65.250  87.000 108.750 130.500 152.250 174.000
        195.750 217.500 239.250 261.000 282.750 304.500 326.250 348.000 369.750
        391.500 413.250 435.000 456.750 478.500 500.250 522.000 543.750 565.500
        587.250 609.000 630.750 652.500 674.250 696.000 717.750 739.500 761.250
        783.000 804.750 826.500 848.250 870.000
  SP37  D  0.0
        0.00000E+00 0.00000E+00 0.00000E+00 0.00000E+00 0.00000E+00 0.00000E+00
        0.00000E+00 0.00000E+00 0.00000E+00 1.29851E-15 1.14801E-04 1.89125E-03
        5.95237E-03 1.27943E-02 2.19305E-02 3.31052E-02 4.60324E-02 5.95830E-02
        7.27371E-02 8.35278E-02 9.25987E-02 9.52798E-02 9.50894E-02 8.82338E-02
        7.85406E-02 6.61700E-02 5.26125E-02 3.91431E-02 2.64980E-02 1.64176E-02
        8.31768E-03 3.01341E-03 4.16608E-04 8.51001E-09 0.00000E+00 0.00000E+00
        0.00000E+00 0.00000E+00 0.00000E+00 0.00000E+00
  SI38 H
          0.000  21.750  43.500  65.250  87.000 108.750 130.500 152.250 174.000
        195.750 217.500 239.250 261.000 282.750 304.500 326.250 348.000 369.750
        391.500 413.250 435.000 456.750 478.500 500.250 522.000 543.750 565.500
        587.250 609.000 630.750 652.500 674.250 696.000 717.750 739.500 761.250
        783.000 804.750 826.500 848.250 870.000
  SP38  D  0.0
        0.00000E+00 0.00000E+00 0.00000E+00 0.00000E+00 0.00000E+00 0.00000E+00
        0.00000E+00 0.00000E+00 0.00000E+00 0.00000E+00 1.26285E-08 4.75173E-04
        3.57251E-03 9.93755E-03 1.93836E-02 3.15595E-02 4.51047E-02 6.06644E-02
        7.44808E-02 8.72886E-02 9.59226E-02 9.91988E-02 9.82045E-02 9.22971E-02
        8.08650E-02 6.72450E-02 5.21134E-02 3.72085E-02 2.43484E-02 1.34547E-02
        5.47353E-03 1.19638E-03 5.09900E-06 0.00000E+00 0.00000E+00 0.00000E+00
        0.00000E+00 0.00000E+00 0.00000E+00 0.00000E+00
  SI39 H
          0.000  21.750  43.500  65.250  87.000 108.750 130.500 152.250 174.000
        195.750 217.500 239.250 261.000 282.750 304.500 326.250 348.000 369.750
        391.500 413.250 435.000 456.750 478.500 500.250 522.000 543.750 565.500
        587.250 609.000 630.750 652.500 674.250 696.000 717.750 739.500 761.250
        783.000 804.750 826.500 848.250 870.000
  SP39  D  0.0
        0.00000E+00 0.00000E+00 0.00000E+00 0.00000E+00 0.00000E+00 0.00000E+00
        0.00000E+00 0.00000E+00 0.00000E+00 0.00000E+00 0.00000E+00 1.75147E-06
        1.18371E-03 6.18569E-03 1.55005E-02 2.88193E-02 4.41411E-02 6.05912E-02
        7.70518E-02 9.12539E-02 1.00940E-01 1.04840E-01 1.03516E-01 9.60426E-02
        8.35118E-02 6.80043E-02 5.12738E-02 3.48841E-02 2.05201E-02 9.11811E-03
        2.55528E-03 6.45206E-05 0.00000E+00 0.00000E+00 0.00000E+00 0.00000E+00
        0.00000E+00 0.00000E+00 0.00000E+00 0.00000E+00
  SI40 H
          0.000  21.750  43.500  65.250  87.000 108.750 130.500 152.250 174.000
        195.750 217.500 239.250 261.000 282.750 304.500 326.250 348.000 369.750
        391.500 413.250 435.000 456.750 478.500 500.250 522.000 543.750 565.500
        587.250 609.000 630.750 652.500 674.250 696.000 717.750 739.500 761.250
        783.000 804.750 826.500 848.250 870.000
  SP40  D  0.0
        0.00000E+00 0.00000E+00 0.00000E+00 0.00000E+00 0.00000E+00 0.00000E+00
        0.00000E+00 0.00000E+00 0.00000E+00 0.00000E+00 0.00000E+00 0.00000E+00
        1.54267E-05 2.28167E-03 9.99034E-03 2.33383E-02 4.12256E-02 6.05893E-02
        7.97814E-02 9.60861E-02 1.07577E-01 1.13252E-01 1.11023E-01 1.01430E-01
        8.65435E-02 6.89067E-02 4.91639E-02 2.98673E-02 1.42039E-02 4.50185E-03
        2.21794E-04 0.00000E+00 0.00000E+00 0.00000E+00 0.00000E+00 0.00000E+00
        0.00000E+00 0.00000E+00 0.00000E+00 0.00000E+00
  SI41 H
          0.000  21.750  43.500  65.250  87.000 108.750 130.500 152.250 174.000
        195.750 217.500 239.250 261.000 282.750 304.500 326.250 348.000 369.750
        391.500 413.250 435.000 456.750 478.500 500.250 522.000 543.750 565.500
        587.250 609.000 630.750 652.500 674.250 696.000 717.750 739.500 761.250
        783.000 804.750 826.500 848.250 870.000
  SP41  D  0.0
        0.00000E+00 0.00000E+00 0.00000E+00 0.00000E+00 0.00000E+00 0.00000E+00
        0.00000E+00 0.00000E+00 0.00000E+00 0.00000E+00 0.00000E+00 0.00000E+00
        0.00000E+00 3.10412E-05 3.49464E-03 1.51516E-02 3.36495E-02 5.82040E-02
        8.21444E-02 1.03203E-01 1.18621E-01 1.24946E-01 1.21840E-01 1.10118E-01
        9.09300E-02 6.71903E-02 4.24391E-02 2.09161E-02 6.75163E-03 3.69880E-04
        2.28638E-14 0.00000E+00 0.00000E+00 0.00000E+00 0.00000E+00 0.00000E+00
        0.00000E+00 0.00000E+00 0.00000E+00 0.00000E+00
  SI42 H
          0.000  21.750  43.500  65.250  87.000 108.750 130.500 152.250 174.000
        195.750 217.500 239.250 261.000 282.750 304.500 326.250 348.000 369.750
        391.500 413.250 435.000 456.750 478.500 500.250 522.000 543.750 565.500
        587.250 609.000 630.750 652.500 674.250 696.000 717.750 739.500 761.250
        783.000 804.750 826.500 848.250 870.000
  SP42  D  0.0
        0.00000E+00 0.00000E+00 0.00000E+00 0.00000E+00 0.00000E+00 0.00000E+00
        0.00000E+00 0.00000E+00 0.00000E+00 0.00000E+00 0.00000E+00 0.00000E+00
        0.00000E+00 0.00000E+00 1.18596E-05 4.09003E-03 2.17211E-02 4.82925E-02
        8.08011E-02 1.12671E-01 1.35379E-01 1.44772E-01 1.40119E-01 1.21457E-01
        9.27850E-02 5.88887E-02 3.01018E-02 8.63174E-03 2.76645E-04 0.00000E+00
        0.00000E+00 0.00000E+00 0.00000E+00 0.00000E+00 0.00000E+00 0.00000E+00
        0.00000E+00 0.00000E+00 0.00000E+00 0.00000E+00
  SI43 H
          0.000  21.750  43.500  65.250  87.000 108.750 130.500 152.250 174.000
        195.750 217.500 239.250 261.000 282.750 304.500 326.250 348.000 369.750
        391.500 413.250 435.000 456.750 478.500 500.250 522.000 543.750 565.500
        587.250 609.000 630.750 652.500 674.250 696.000 717.750 739.500 761.250
        783.000 804.750 826.500 848.250 870.000
  SP43  D  0.0
        0.00000E+00 0.00000E+00 0.00000E+00 0.00000E+00 0.00000E+00 0.00000E+00
        0.00000E+00 0.00000E+00 0.00000E+00 0.00000E+00 0.00000E+00 0.00000E+00
        0.00000E+00 0.00000E+00 0.00000E+00 1.51576E-08 2.38958E-03 2.72316E-02
        7.27784E-02 1.21341E-01 1.59938E-01 1.77105E-01 1.68003E-01 1.35665E-01
        8.86444E-02 4.00036E-02 6.88652E-03 1.48007E-05 0.00000E+00 0.00000E+00
        0.00000E+00 0.00000E+00 0.00000E+00 0.00000E+00 0.00000E+00 0.00000E+00
        0.00000E+00 0.00000E+00 0.00000E+00 0.00000E+00
  SI44 H
          0.000  21.750  43.500  65.250  87.000 108.750 130.500 152.250 174.000
        195.750 217.500 239.250 261.000 282.750 304.500 326.250 348.000 369.750
        391.500 413.250 435.000 456.750 478.500 500.250 522.000 543.750 565.500
        587.250 609.000 630.750 652.500 674.250 696.000 717.750 739.500 761.250
        783.000 804.750 826.500 848.250 870.000
  SP44  D  0.0
        0.00000E+00 0.00000E+00 0.00000E+00 0.00000E+00 0.00000E+00 0.00000E+00
        0.00000E+00 0.00000E+00 0.00000E+00 0.00000E+00 0.00000E+00 0.00000E+00
        0.00000E+00 0.00000E+00 0.00000E+00 0.00000E+00 0.00000E+00 7.67117E-06
        1.10890E-02 9.80041E-02 2.17059E-01 2.71583E-01 2.41832E-01 1.33578E-01
        2.66515E-02 1.95884E-04 0.00000E+00 0.00000E+00 0.00000E+00 0.00000E+00
        0.00000E+00 0.00000E+00 0.00000E+00 0.00000E+00 0.00000E+00 0.00000E+00
        0.00000E+00 0.00000E+00 0.00000E+00 0.00000E+00
